0.0700 69.00 19.6
0.0900 69.00 12.0
0.1200 68.60 26.2
0.1700 83.00 8.00
0.1791 75.00 4.00
0.1993 75.00 5.00
0.2000 72.90 29.6
0.2700 77.00 14.0
0.2800 88.80 36.6
0.3519 83.00 14.0
0.3802 83.00 13.5
0.4000 95.00 17.0
0.4004 77.00 10.2
0.4247 87.10 11.2
0.4497 92.80 12.9
0.4700 89.00 49.6
0.4783 80.90 9.00
0.4800 97.00 62.0
0.5929 104.0 13.0
0.6797 92.00 8.00
0.75 98.8 33.6
0.7812 105.0 12.0
0.8 113.1 17.33
0.8754 125.0 17.0
0.8800 90.00 40.0
0.9000 117.0 23.0
1.0370 154.0 20.0
1.26 135.0 65.0
1.3000 168.0 17.0
1.3630 160.0 33.6
1.4300 177.0 18.0
1.5300 140.0 14.0
1.7500 202.0 40.0
1.9650 186.5 50.4
